$ANSIBLE_VAULT;1.1;AES256
35386334323661643339616436623031616462356261623962613661316333306133353362323832
3731633330613533623536393765613538616230616330340a663533316161653736373430666438
38663563653138666163616233346136386539636263643039333361376234663132313961353366
6261636538383862650a643739623865356262313935346464613131383363386361313735613539
66343638663136663661373632323632323234643535333666643964646162316135343062336362
65626434353332396433323764646166623333623566396431666335613838393637643238393661
36313732353035323234323364333932623634313030633437303535656239376562383832613463
33643334653361313137313236353964393539306664633761656565316464316434366137343832
62313638376263363638356439306462303164636331346136616361613262303733303831303066
63343938393362633531323434313861626465663862363937643939363063343135393265336330
34306463303635643239626663616434376535343935626466383230323134356135643064363031
39646432386130363066626331633130356239666237656238666232666666383261303761313132
61356465393830366335316237616334333635643961323062666465326234393632373538343631
39386632623763663762646665323637333135323031666535303936653439643664616331316538
35313965663334303866346239363939313639383837373764393034306262633031303265303431
62623463313266643663346232313863323765353737376437376265306630323737613831333764
61383862376363666631306561373930386634646263316666356363616538653866306337373662
65383265333735376464396635363162653939636561336436643631366236656130336335383837
31643832333332393863343337636334356137326338323361356330356461383333333239653931
30656664316439623338323236396362353537636331643139653866666538366662653331656563
63653236396661313339366633666165383163646231666266333331363739333165306635633534
63396166323035376135633530383237646237313964366632343232303038613030623933663736
64383364376262373662613362306233376138363064336330626438313535343633376361393064
65303032346235643861633134336461393361343565303336313933383666633738343265633231
39633733336432346561666534326164363433643566336362653461316133386331
